100
194722955 293828864 280049601
711553957 444009070 758719187
988 345 290
1 1 1000
227 976 823
137 992 100
645701871 97285044 702492611
909 801 92
166980971 367071908 598104909
241 507 497
461 196 34
4 5 4
665 63 61
1000000000 1000000000 1000000000
4 3 5
513 513 256
2 3 5
928 841 298
512 402 950
2 1 1
5 4 4
512 512 1
2 5 1
512 512 2
278422314 70872648 450948023
4 2 1
748 786 559
55 27 10
7 8 5
2 2 2
5 4 2
110 238 60
997 902 993
330 798 42
536870911 536870911 536870910
977645760 451336242 827058217
237794085 209493722 912847238
62 627 14
536870911 536870911 536870911
574798330 979157766 855880333
1 2 1
2 4 4
244 119 72
3 3 2
513 513 512
71 179 33
112 986 38
3 4 2
4 5 2
355 429 563
4 5 2
366 422 288
913 201 51
473 126 42
512 512 513
5 2 4
3 3 1
336 658 779
685328902 666083325 798925587
1 1 1
893 232 171
739 210 196
926 615 974
961 797 592
45 56 35
186099973 128220969 941356530
512 512 257
590 325 242
402 397 7
678 916 758
512 512 256
5 4 5
440214815 213542158 740796217
61272297 27442185 387858951
678 786 281
324021907 15406551 835137595
1 1 5
403 89 9
4 1 1
513 513 2
92 465 60
213 539 140
749 815 373
792 410 541
5 2 1
5 5 5
791 189 5
212 128 68
513 513 257
944789406 208555469 962070520
513 513 1
402 850 991
103 143 88
130 215 129
1000 1000 1
422 59 35
589 557 32
89 306 62
461 101 62
924907662 324541709 817430683
