100
407 206 775
1 1 1
1 1 1
923 504 616
512 512 256
2 1 1
1 1 1000
4 4 2
233 532 137
313 931 280
103 143 88
921 807 877
317 306 6
945 976 1000
4 4 2
3 5 5
343 710 27
461 437 915
26 249 26
5 1 5
4 1 1
385 614 711
346 428 741
571 809 972
669 480 982
929 174 563
841 916 307
927 80 10
282 211 992
611 737 757
2 2 1
894 994 346
427 78 72
73 746 126
674 393 991
365 398 104
2 1 1
427 713 9
437 751 692
941 832 627
512 512 257
823 802 705
26 888 3
44 735 6
133 294 105
513 513 2
512 512 513
198 161 44
814 935 759
3 4 4
399 239 149
360 245 692
270 507 162
3 3 3
226 185 529
566 208 172
588 355 48
464 396 254
278 458 34
513 513 512
980 604 185
1000 1000 1
5 1 4
474 918 919
393 296 287
512 512 1
431 463 481
2 3 3
513 513 1
753 481 419
441 938 894
4 5 2
882 314 303
668 953 589
5 1 1
899 661 643
7 8 5
682 1 1
1 5 3
813 542 690
341 931 113
418 671 300
4 4 4
3 3 4
286 536 661
512 512 2
513 513 256
813 362 717
513 513 257
554 310 271
3 4 5
126 9 8
565 187 8
210 561 19
1 5 1
3 4 2
905 568 977
45 56 35
2 4 2
243 22 822
