100
112.00000 2.00000 224.00000
491.42599 1.06957 1971.10382
57.28504 3.77908 1959.10193
9.63917 2.36228 82.22294
493.19285 1.23369 1938.61947
494.43093 1.45036 1920.07517
172.39374 3.63554 751.06656
498.20638 1.11469 1994.41764
410.50721 3.44928 1114.14497
497.32902 1.29608 1996.95334
95.14644 2.38776 1877.09933
459.00000 1.00000 486.00000
289.0 3.0 1764.0
490.93940 1.38461 1910.71577
475.06210 3.14396 1488.54213
41.0 3.0 637.0
494.0 1.0 777.0
270.4 2.5 144.478
452.0 2.0 1828.0
372.39 1.0 1168.57
108.93113 3.29 1666.0
49.7803 2.66 641.323
495.08451 1.00933 1910.55464
10.65504 3.57272 1032.27085
387.00000 3.00000 390.00000
186.60295 2.53898 515.24111
491.53834 1.31819 1926.70141
494.00066 1.26766 1948.45777
497.65985 1.27097 1969.17435
495.73852 1.04949 1973.66059
495.97695 1.04342 1954.50208
491.18489 1.32679 1972.60886
493.44489 1.40117 1940.56765
490.53252 1.38427 1944.18282
496.37074 1.37976 1931.20161
302.00000 2.00000 604.00000
363.0 2.0 728.0
113.0 2.0 1926.0
424.52359 2.01688 1704.99939
138.22161 2.01435 1726.73079
216.0 1.0 501.0
101.27760 1.3 578.91106
498.24716 1.22846 1940.91035
450.0 2.970 1607.0
494.03432 1.23500 1947.73337
78.0 3.0 633.0
491.14831 1.08740 1927.22459
282.0 2.0 867.0
402.08089 2.79424 874.57217
1.000 3.3385 87.082
1.04601 3.46043 1999.79117
60.89753 1.94552 375.49090
103.4678 1.183 2000.0
1.01261 3.23957 1999.41128
61.4 2.5 832.0
491.74240 1.10133 1950.67519
397.11868 3.55965 696.80676
498.47672 1.07171 1944.40042
145.81935 1.07733 1506.90426
402.743 4.000 1715.25
420.0 2.136 1268.84
443.77806 2.59552 1703.53293
492.16406 1.47686 1968.04444
452.00000 1.00000 498.00000
226.0 4.0 1624.0
497.93377 1.23580 1905.83263
391.00000 2.00000 435.00000
490.14719 1.49049 1945.01096
492.83450 1.03114 1902.43556
1.07004 3.43764 1999.24476
219.0 2.96015 478.9
247.77997 3.32460 1158.90996
494.59903 1.03024 1989.62131
85.33009 1.09103 219.71684
496.0 2.0 730.0
492.31954 1.08260 1908.40943
494.11015 1.22942 1902.75873
100.57120 3.98805 1708.66286
498.00007 1.09691 1909.05680
494.47810 1.05239 1932.10890
493.58034 1.06315 1957.93504
5.27 3.300 1749.7547
383.93 3.78 141.015
208.00000 2.00000 416.00000
311.8 2.7 1.0
496.26870 1.34049 1916.50261
379.0 1.4571 84.05320
496.0 4.0 151.0
1.39260 3.92853 3.45470
492.51179 1.46755 1974.09938
50.72 1.983 286.014
265.45495 1.92368 1262.85928
1.01161 3.09310 1999.16750
227.90948 1.97141 463.66087
26.0 3.0 1613.0
493.08716 1.42825 1946.98051
113.00000 2.00000 226.00000
408.0 3.1868 1423.73069
500.0000 1.349 1621.0
492.58315 1.21198 1913.51150
