100
1 2
00
10
5 5
11010 11001 00001 00101 10101
11000 00111 00011 10111 11011
3 7
0010111 0111101 1011100
0000111 0101101 1001100
6 7
0111001 0011000 1000010 0000010 0110011 0011011
0110110 0100000 0010011 1000011 0011000 1101000
5 10
0110100100 0100001011 1011001111 0110001001 0010011011
0000001111 1000101101 0111000001 1100101111 1010110110
10 10
0101000110 0001011111 1100111101 1011110111 1010010000 1001000001 0100101011 0010000110 0110101000 1111111000
0011111111 1110000001 0101010010 1010001110 0000100110 1011101001 0100111111 1000111000 0111010001 1101000100
10 10
0101101111 0100101001 1110100101 0110110111 0111010010 1000011100 1011000110 1001101011 0000010000 1011011000
1001010000 0111100111 1011100011 1010010100 0010011000 1100101101 0101011010 0110100001 1001001110 0100111111
10 10
1011011111 0111111001 0010000011 0101100110 0001111001 1000111111 1110000000 1000010110 0100001100 1111100000
1001000110 1110011001 0111011111 0011000000 0010101010 0100100101 1110110000 1000100110 1101111001 0001011111
1 7
0111000
1100111
2 3
010 100
101 110
4 6
000101 110110 100010 111101
111001 111000 011111 111010
10 10
1001001010 1011101010 0101110100 0110110001 1111001011 0010001010 0100000100 1001110111 1000111101 0110010101
0011100110 1110101000 1111011111 0010010110 1110010101 0001010011 1000101001 0101101000 1100001000 0001110111
2 3
110 010
011 111
10 10
1110101011 1001000001 1000110110 1111100100 0100101100 0101110001 0011010111 1110011011 0000011010 0011001100
1101110100 1110100010 0101011000 0010001010 1001000010 0100101111 1110111001 0011110101 0011000101 1000011111
10 10
1100001100 1011111110 0111001000 0110111011 1010000111 1101010101 0001100101 0100110010 0011111001 1000000010
0011110001 0111000000 0000001011 1001101100 1111000111 1000110101 0101011100 1100111011 1110111110 0010000010
10 10
0011000011 0110011111 0100100110 0101000000 1000101111 1011000100 1011111001 1100111000 1111010010 0000111101
0110001010 1001101000 0111101100 0010010001 1110010100 1101111110 0100110011 1010000011 0001101111 1001010101
10 10
0101000010 0011000011 1010110010 1001000101 1100011111 1110111100 0010111000 0101101011 0010111100 1101000101
1001100001 1011000010 1100111011 0110111101 1111001100 0111000110 0111000010 0000010101 1000111011 0000111100
10 10
1001101000 0110000011 0000011100 0110101100 1000011010 0000000101 1111110011 1001010111 1111100100 0111111011
0110000101 1001010001 0000100001 1111001110 1001111110 1111010111 0110111010 0111001000 0000110110 1000101001
4 6
011011 010001 011111 001101
001001 110000 010100 010001
10 10
0110010111 1101110000 1010100100 0011111111 0011001000 1100000000 1011111110 0101101011 1100001011 0000010101
1100000110 0011110010 0101100110 0011000101 0110011010 1011110011 1100001101 1101111101 0000011000 1010101001
10 10
1101011111 0101000001 1010010010 0000101000 1011100100 0010111101 1011001101 0101010011 1100100110 0110111010
0010001010 1010000110 1101001011 0010011000 1011111111 0101100100 1100111101 1100010100 0001100011 0111110001
10 10
0001001111 0110111000 0010100000 1011001010 0010010101 1101101111 1010000000 0111101010 1100010000 0010001001
0011111000 0111110001 0000001111 0100101101 0010010111 1100001000 0110011111 0101110001 0000011100 1100101110
6 7
0000001 1000011 0000100 1101000 1010001 1011110
1000100 0010001 1101011 1011101 0001110 1011110
6 10
1100000010 1010000110 0111000010 0110101011 0001111101 0001011011
0010011101 0011100011 0001010110 0111111000 1001010010 0110000001
8 7
1111111 0110000 0000101 0100000 1100010 1100100 1111010 0111010
0001000 0010011 1001101 1110010 0010101 1010111 1000111 0001101
10 10
0101010011 0000011010 1001110010 1101000101 1100101111 1110011111 0010100010 1111000010 0011010001 0001000111
0110010011 1000111101 1100001000 1011001010 1000000110 1111000011 0010111110 0111110101 1101001100 1110111000
8 7
0101010 1100000 1010000 0101000 0011011 1100010 0011000 1010011
1110101 1000101 1110111 0111111 1000110 0111101 0001101 0001110
3 9
111111111 101011100 000100110
010100010 111011000 000000001
10 10
1000111111 0111001000 0111000110 0000011000 1100011001 1001100000 1110110011 1111101111 0010000111 0001110100
0011110001 1101101111 0001011011 1000101110 1000100000 0110001000 1111110000 0111010111 1110011100 0000000111
10 10
0101000010 1101011000 1000010001 1011101110 1110101101 0101001110 0010110001 1111011111 0000100001 0010110110
0010011100 1111000011 0111110011 1100111100 0010010000 0101100011 1001111111 1000001101 0101100100 1010001010
3 3
110 100 000
100 010 000
3 8
01000010 01010110 11111110
00011011 10001001 11111001
10 7
1110001 0011111 0100000 1100011 1001111 1101100 0011101 0110101 0101101 1100100
0111110 1000000 1010101 0010110 1001101 0011100 0000010 1111101 0101001 0011010
8 10
1110100010 0001000100 1100001000 1010001010 1000111000 1110010111 1011001010 0101010101
0011010110 0111111110 1000100001 0110111110 0011100011 1100110000 0101001100 0001111100
8 9
100011001 000011111 110100010 110000101 000101010 010010000 001100010 000001000
101000000 100010010 100110110 111011100 110000001 001011010 110000101 111110011
2 7
0011111 0000101
0011101 0000111
10 9
001110110 101010011 000001101 000000100 011110001 001010100 010100101 111100000 111001011 001110001
011010000 101001011 010001110 001011000 001001110 110100111 101100010 101100011 001000011 101011100
10 10
1010110100 1000011110 0110101111 1101001110 1010111011 0100000011 1001111000 0011000101 0101110001 0111000000
0100101101 1000110000 0110001000 0101001011 1111110110 1001000010 1011110011 1010011100 0001111101 0110000111
10 10
1101101000 1111110010 1101001001 0001000100 1010001001 0111111111 1010010001 0000010110 0010101110 0100110111
0010010000 0000101000 1101110111 0100001001 1010110111 0111000001 1111001100 1101010110 1010101111 0001111010
10 10
0100111101 1101110010 0100000110 1011010001 1100111100 0000100011 0011001000 0011101011 1010010110 1111001101
0110100001 1111010101 0111101111 0000000010 1011110000 0001000101 1111101110 1000111000 1000011011 0100011110
10 10
0100011110 1010000010 1110000011 0101011100 1111111000 0000100011 1011111111 1001100100 0111001101 0000110001
1100011100 0000100100 1001110001 0010111111 0111000011 1101011110 1001100011 1110001101 0011000010 0110111000
10 10
1111110111 0110110011 1100111100 1111001011 0001000100 0000010111 1000001001 1010110100 0001001000 0111101010
1111101011 1111100111 0001011000 1000011100 0110100110 0001100100 1001000101 0010010011 1110111000 0100011011
9 10
1110111001 1110011110 1100110100 1110000111 0011100110 1001101010 1110110000 0000111111 0010101101
1111001100 0010010011 0011011000 0001001010 1111000101 1111101011 1101000001 1111110010 1000011111
10 10
1110111000 0010010111 1101111001 1000101000 1100101110 0100000110 1111100011 0001001101 0011010101 0011010010
0001000010 1010100111 0011011000 1101110100 1100110110 0010001111 0110001001 1101110011 0000011001 1111101100
4 9
111010000 101111001 100100100 001100100
111011001 011000100 110000100 101110000
10 8
10010101 01000000 10110101 11100100 00000001 10100101 11010100 01101110 00101111 11110100
00110101 10010001 10000001 00011011 11100000 01011010 11000000 11010000 10100001 01110100
4 7
0111111 0011110 0001001 1010011
1011110 0010011 1111111 1001001
10 10
0100111100 1011101000 1110011000 0001000110 1101010111 0011100101 0100010011 1010100010 1100001011 0011111101
1100111011 0100100011 0110110000 1001101110 1011010101 0010001010 1100010100 0101111111 0011000000 1011001101
10 10
0101001110 0100001101 1110110001 0101000010 1110101101 1000011110 1001110110 1010110001 0011101011 0011010000
0001101000 1010100110 0111000111 0111011011 1101111011 0011000111 1010011101 1100111000 1100110100 0000000000
10 10
0100011110 0000110100 1011100110 0001010111 1001000001 1110101001 0110010011 1010001000 1111111111 0101101000
0011011001 1110000110 0001111110 0000010000 0101100111 1010101100 1100001011 0100110001 1111110000 1011001111
10 10
1000001011 0001001010 0000100100 0111111011 1111010110 1110001101 1011110011 0001110000 0110100101 1100011100
1001110010 0101111010 0110000010 1111000011 1110101101 1111111001 0000000100 1000101100 0010010101 0001011111
10 10
0101001011 1111000101 1101111100 1000110111 0001011110 1000010111 1010101001 0110101000 0010110000 0111000010
1110111011 1001101110 0001011001 1011010111 0101001100 0110100010 1100000101 0010111010 0011010000 1100100101
9 9
001010101 000101001 000001110 110111011 110111100 011100111 010011011 000101011 101101001
001111011 000100000 001011100 001011110 100011100 011101110 010010010 111001001 111001110
3 10
1011111110 1000010011 1100101110
1001000000 1101000110 1000011010
10 10
1111000110 0000000000 1011001110 0100101011 0010110001 1101011010 0001110111 1101000100 0010111101 1110111001
1100010010 0001001000 0001010110 1000111001 0010101011 0111011100 1110101111 1101100101 1110100011 0011010100
10 10
1010001001 0010101111 1100110000 0111001100 1111101111 1100010010 0101101100 0000010001 0001010111 1011110010
1010111010 1100000011 0101011111 1111011100 0001100100 1011000001 0010011100 1100100001 0000100010 0111111111
10 10
0000001011 1011011000 1111110011 1110101101 0100000101 0000100011 1001010000 0100011110 1011111110 0111100100
0011111111 0011011001 1000100010 1000001010 0111110010 1111100101 0110101100 0001010001 1100000100 1100011111
10 10
1101011100 1111110011 0010001001 0101101011 1101100110 0001000010 0010100100 1010011100 1000011111 0110110001
0111011000 0100111110 1010001111 1111100000 1101100011 0000010111 1000011010 1000100000 0011001101 0111110101
8 8
11111100 10111100 10000001 11000001 00000011 00000001 00111100 00111110
00111100 01111100 11111110 11000011 01000001 11000001 00000001 11111100
10 10
1011100110 0101001111 1100111100 0110010111 0001001010 0100011100 1010000011 1000110001 1111100001 0011111000
0110111101 0001100000 1100010001 1011001011 1101110100 0010111000 1000010110 0011101011 0100001111 1111000110
6 6
010001 001111 000010 100010 000001 110101
001001 100100 101110 111010 001000 110110
4 6
011000 010110 111001 110111
101101 100011 000010 001100
8 7
1110111 0011110 0111001 1011000 0111101 1011100 0011010 1110011
1110111 0110101 1010100 1010000 0011110 0011010 0110001 1110011
4 7
0110101 0110110 0111101 0111110
1111101 1110110 1110101 1111110
6 7
0010011 1011101 0010101 0000101 0101000 0111100
1110011 1001000 0000001 1000101 0101000 0111011
10 10
1101010001 1010101010 1000011111 0011010110 1111010100 0100011001 0101101010 1111100110 0000100001 0010101101
0110111011 0100001100 0001000010 1101000100 0110001001 1100110111 1011110000 0011110111 1001111100 1010001011
7 10
0000110100 1111001001 0101001100 0011101110 0010010100 0001010000 0011101001
0000101111 0000111110 1100110111 1011101100 0011011111 1011010011 1011101011
9 9
110110101 111000111 011101110 000010000 111000001 001101111 011010010 101011011 101001010
110001010 000100100 111110101 100001011 001010000 010111110 010101111 000100010 100110111
2 8
00110110 11111100
11001101 00110010
3 9
101001111 001010010 100110011
101101101 000001100 001110000
2 4
0111 0010
1001 1100
10 10
1000010010 1100100110 0011101101 1111100001 0111010001 1111011100 0000100111 1111111011 0000011100 0000001010
1011111111 1011101001 0100001110 0100010100 0111010011 1000011000 1100100100 0011100111 1011010010 0100101001
1 8
01101100
10110011
8 8
10101010 00111000 11000001 01010001 11001101 01101000 00101110 00101100
01100001 01110110 01110011 01111111 10001010 10000100 01000111 10010010
7 7
0100101 1010000 0101000 1100101 1001100 1110100 1110001
0000101 1100001 1010010 0100111 0101111 0101001 1111011
7 8
11111110 01110111 10011000 01011111 11100011 00001100 11001010
01110111 01000011 11100010 00100101 01011110 11001010 10110001
2 9
110010101 101010100
001001000 010001001
4 5
10100 01110 00001 10010
01110 00001 00011 11111
2 6
100110 101001
000001 001110
2 10
1001111001 0110010111
1001101000 0110000110
10 10
1101010101 0000011100 1010100010 0010101111 1011010000 0100001000 0101110011 1111111011 1011001100 0100100111
0001110111 1100100011 0100101110 1110010000 0101000000 1010101011 0011011001 0101011100 1010000100 1011111111
1 7
0001001
1000100
10 10
0001100011 0001111010 1110000111 1111001111 0100011100 0001100100 1010011010 0101001001 1110110000 1010110101
1011010011 0000000000 1110101001 0101111111 1010101100 1010011011 1110000110 0101100110 0101111000 0001010101
10 10
1101110011 1110011100 0001000011 1000101111 1011111100 0010001100 0000010001 0110111011 1101000100 0111100010
1101101011 1010010011 0000101100 0011111111 0110010100 1001011100 1100110010 0101001100 0110100011 1011000001
1 10
0111100010
1010011001
10 10
0010001001 1100111101 0101111010 1000111010 0010110110 0111000011 0001000100 1101010110 1111101001 1010000101
1100110101 1100001010 0001101010 1001000000 1011111001 0100000110 0110111001 0010111110 1111000111 0011010101
2 6
010011 111110
010001 111100
5 7
1011101 0001111 0010101 0001011 1001010
0101101 0111010 1100101 1111111 1111011
5 10
0010000010 0110101110 0001101111 0000111001 0001100011
0100111011 0010101100 0101101101 0101100001 0110000000
10 10
1000001000 0111000001 0001000111 1100110111 0110011111 1100101000 0001100000 1111110100 1010011010 0011111111
1100011010 0101110010 0111100000 0010001110 1100111101 0001001101 1010111011 0001010010 1110000101 1011100101
2 9
001110111 110110100
101001001 010001010
8 9
011111101 001110100 001011101 000011001 000010001 010001010 000001010 010010001
001100000 100010100 101101100 101101110 111100000 010010011 010011001 110100000
4 3
101 011 110 001
010 000 110 101
4 10
0110011111 1111001110 0100000001 1101100000
0101001110 1100110011 0000110010 1000111100
2 10
1001100111 0100001000
1011110111 0110011000
10 5
10000 11010 11111 10001 00110 10011 00111 00000 10111 01101
00111 01110 00100 01111 10000 10011 01101 10010 01010 01000
2 5
01010 10000
00101 11111
5 9
110110101 110100110 010110011 001001001 001100111
001111010 011010111 001111101 010111110 101110111
1 5
10010
10011
5 4
0011 0100 1010 0111 0110
0001 1100 1111 1101 1000
